0 poke648,30:poke36869,240:poke36866,150:print"{clr}":poke36869,255:poke36878,16*8+15:poke36879,27
10 gosub100:poke36869,255
20 for t=56 to 63
30 print "{right}{right}";chr$(t);"{right}{right}{rvon}";t;"{rvsoff}"
40 print
50 next
60 end
100 data,1,21,22,23,24,42,43,44,45,46,47
101 data255,255,153,102,102,153,255,255,195,255,255,195,195,255,255,195,60,60,25,255,188
102 data60,36,231,3,4,24,24,60,126,126,60,60,66,165,153,153,165,66,60,,24,36,126,126,126
103 data126,,,,,,,,,,,,,,,,,
106 data169,,133,1,169,255,141,34,145,169,32,44,31,145,208,5,169,1,133,1,96,169,8,44
107 data31,145,208,5,169,2,133,1,96,169,16,44,31,145,208,5,169,3,133,1,96,169,4,44,31
108 data145,208,3,133,1,96,169,127,141,34,145,169,128,44,32,145,208,4,169,5,133,1,96
109 forn=0to11:readb(n):next:forn=7616to7679:readm:poken,m:next
110 forn=828to899:readm:poken,m:next:return


